1 0.112120 0.179343 0.039707 0.061672
0 0.158835 0.179343 0.039707 0.061672
1 0.205549 0.179343 0.039707 0.061672
4 0.252264 0.179343 0.039707 0.061672
4 0.298978 0.179343 0.039707 0.061672
1 0.345692 0.179343 0.039707 0.061672
1 0.392407 0.179343 0.039707 0.061672
6 0.439121 0.179343 0.039707 0.061672
8 0.485836 0.179343 0.039707 0.061672
0 0.532550 0.179343 0.039707 0.061672
5 0.579265 0.179343 0.039707 0.061672
4 0.625979 0.179343 0.039707 0.061672
0 0.672693 0.179343 0.039707 0.061672
4 0.719408 0.179343 0.039707 0.061672
3 0.766122 0.179343 0.039707 0.061672
6 0.812837 0.179343 0.039707 0.061672
4 0.859551 0.179343 0.039707 0.061672
4 0.112120 0.251898 0.039707 0.061672
1 0.158835 0.251898 0.039707 0.061672
1 0.205549 0.251898 0.039707 0.061672
4 0.252264 0.251898 0.039707 0.061672
0 0.298978 0.251898 0.039707 0.061672
5 0.345692 0.251898 0.039707 0.061672
5 0.392407 0.251898 0.039707 0.061672
7 0.439121 0.251898 0.039707 0.061672
7 0.485836 0.251898 0.039707 0.061672
6 0.532550 0.251898 0.039707 0.061672
8 0.579265 0.251898 0.039707 0.061672
0 0.625979 0.251898 0.039707 0.061672
2 0.672693 0.251898 0.039707 0.061672
2 0.719408 0.251898 0.039707 0.061672
2 0.766122 0.251898 0.039707 0.061672
6 0.812837 0.251898 0.039707 0.061672
7 0.859551 0.251898 0.039707 0.061672
5 0.112120 0.324453 0.039707 0.061672
8 0.158835 0.324453 0.039707 0.061672
0 0.205549 0.324453 0.039707 0.061672
5 0.252264 0.324453 0.039707 0.061672
3 0.298978 0.324453 0.039707 0.061672
6 0.345692 0.324453 0.039707 0.061672
8 0.392407 0.324453 0.039707 0.061672
5 0.439121 0.324453 0.039707 0.061672
1 0.485836 0.324453 0.039707 0.061672
3 0.532550 0.324453 0.039707 0.061672
0 0.579265 0.324453 0.039707 0.061672
6 0.625979 0.324453 0.039707 0.061672
2 0.672693 0.324453 0.039707 0.061672
3 0.719408 0.324453 0.039707 0.061672
7 0.766122 0.324453 0.039707 0.061672
6 0.812837 0.324453 0.039707 0.061672
4 0.859551 0.324453 0.039707 0.061672
8 0.112120 0.397007 0.039707 0.061672
6 0.158835 0.397007 0.039707 0.061672
8 0.205549 0.397007 0.039707 0.061672
0 0.252264 0.397007 0.039707 0.061672
6 0.298978 0.397007 0.039707 0.061672
0 0.345692 0.397007 0.039707 0.061672
2 0.392407 0.397007 0.039707 0.061672
0 0.439121 0.397007 0.039707 0.061672
3 0.485836 0.397007 0.039707 0.061672
5 0.532550 0.397007 0.039707 0.061672
6 0.579265 0.397007 0.039707 0.061672
7 0.625979 0.397007 0.039707 0.061672
3 0.672693 0.397007 0.039707 0.061672
8 0.719408 0.397007 0.039707 0.061672
3 0.766122 0.397007 0.039707 0.061672
5 0.812837 0.397007 0.039707 0.061672
0 0.859551 0.397007 0.039707 0.061672
6 0.112120 0.469562 0.039707 0.061672
4 0.158835 0.469562 0.039707 0.061672
1 0.205549 0.469562 0.039707 0.061672
8 0.252264 0.469562 0.039707 0.061672
0 0.298978 0.469562 0.039707 0.061672
2 0.345692 0.469562 0.039707 0.061672
7 0.392407 0.469562 0.039707 0.061672
1 0.439121 0.469562 0.039707 0.061672
8 0.485836 0.469562 0.039707 0.061672
6 0.532550 0.469562 0.039707 0.061672
6 0.579265 0.469562 0.039707 0.061672
8 0.625979 0.469562 0.039707 0.061672
8 0.672693 0.469562 0.039707 0.061672
1 0.719408 0.469562 0.039707 0.061672
8 0.766122 0.469562 0.039707 0.061672
5 0.812837 0.469562 0.039707 0.061672
7 0.859551 0.469562 0.039707 0.061672
2 0.112120 0.542117 0.039707 0.061672
6 0.158835 0.542117 0.039707 0.061672
3 0.205549 0.542117 0.039707 0.061672
4 0.252264 0.542117 0.039707 0.061672
8 0.298978 0.542117 0.039707 0.061672
1 0.345692 0.542117 0.039707 0.061672
8 0.392407 0.542117 0.039707 0.061672
1 0.439121 0.542117 0.039707 0.061672
1 0.485836 0.542117 0.039707 0.061672
7 0.532550 0.542117 0.039707 0.061672
8 0.579265 0.542117 0.039707 0.061672
0 0.625979 0.542117 0.039707 0.061672
1 0.672693 0.542117 0.039707 0.061672
6 0.719408 0.542117 0.039707 0.061672
4 0.766122 0.542117 0.039707 0.061672
4 0.812837 0.542117 0.039707 0.061672
1 0.859551 0.542117 0.039707 0.061672
6 0.112120 0.614672 0.039707 0.061672
5 0.158835 0.614672 0.039707 0.061672
1 0.205549 0.614672 0.039707 0.061672
1 0.252264 0.614672 0.039707 0.061672
8 0.298978 0.614672 0.039707 0.061672
0 0.345692 0.614672 0.039707 0.061672
5 0.392407 0.614672 0.039707 0.061672
5 0.439121 0.614672 0.039707 0.061672
0 0.485836 0.614672 0.039707 0.061672
5 0.532550 0.614672 0.039707 0.061672
1 0.579265 0.614672 0.039707 0.061672
4 0.625979 0.614672 0.039707 0.061672
5 0.672693 0.614672 0.039707 0.061672
0 0.719408 0.614672 0.039707 0.061672
1 0.766122 0.614672 0.039707 0.061672
5 0.812837 0.614672 0.039707 0.061672
0 0.859551 0.614672 0.039707 0.061672
6 0.112120 0.687226 0.039707 0.061672
4 0.158835 0.687226 0.039707 0.061672
8 0.205549 0.687226 0.039707 0.061672
2 0.252264 0.687226 0.039707 0.061672
4 0.298978 0.687226 0.039707 0.061672
0 0.345692 0.687226 0.039707 0.061672
1 0.392407 0.687226 0.039707 0.061672
5 0.439121 0.687226 0.039707 0.061672
5 0.485836 0.687226 0.039707 0.061672
3 0.532550 0.687226 0.039707 0.061672
5 0.579265 0.687226 0.039707 0.061672
3 0.625979 0.687226 0.039707 0.061672
3 0.672693 0.687226 0.039707 0.061672
0 0.719408 0.687226 0.039707 0.061672
5 0.766122 0.687226 0.039707 0.061672
5 0.812837 0.687226 0.039707 0.061672
4 0.859551 0.687226 0.039707 0.061672
7 0.112120 0.759781 0.039707 0.061672
8 0.158835 0.759781 0.039707 0.061672
2 0.205549 0.759781 0.039707 0.061672
2 0.252264 0.759781 0.039707 0.061672
7 0.298978 0.759781 0.039707 0.061672
5 0.345692 0.759781 0.039707 0.061672
8 0.392407 0.759781 0.039707 0.061672
8 0.439121 0.759781 0.039707 0.061672
5 0.485836 0.759781 0.039707 0.061672
6 0.532550 0.759781 0.039707 0.061672
7 0.579265 0.759781 0.039707 0.061672
0 0.625979 0.759781 0.039707 0.061672
3 0.672693 0.759781 0.039707 0.061672
2 0.719408 0.759781 0.039707 0.061672
3 0.766122 0.759781 0.039707 0.061672
7 0.812837 0.759781 0.039707 0.061672
1 0.859551 0.759781 0.039707 0.061672
1 0.112120 0.832336 0.039707 0.061672
1 0.158835 0.832336 0.039707 0.061672
6 0.205549 0.832336 0.039707 0.061672
6 0.252264 0.832336 0.039707 0.061672
7 0.298978 0.832336 0.039707 0.061672
8 0.345692 0.832336 0.039707 0.061672
1 0.392407 0.832336 0.039707 0.061672
1 0.439121 0.832336 0.039707 0.061672
2 0.485836 0.832336 0.039707 0.061672
8 0.532550 0.832336 0.039707 0.061672
2 0.579265 0.832336 0.039707 0.061672
5 0.625979 0.832336 0.039707 0.061672
8 0.672693 0.832336 0.039707 0.061672
1 0.719408 0.832336 0.039707 0.061672
6 0.766122 0.832336 0.039707 0.061672
2 0.812837 0.832336 0.039707 0.061672
7 0.859551 0.832336 0.039707 0.061672